
Periodic_System: .true.
begin Cell_shape
1.0     1.0     1.0
end cell_shape

lattice_vector_scale 12.8972759 ang

Grid_Spacing:  0.50 ang

States_Num:  80

coordinate_unit lattice_vectors

#eigensolver arpack

spin_polarization true

Atom_Types_Num:  1

#------------ new atom type ---------------- 
Atom_Type: H
Local_Component: s
 
begin Atom_Coord
       0.0000000000000000000   0.0000000000000000000   0.0000000000000000000
       0.3333333333333333333   0.0000000000000000000   0.0000000000000000000
       0.6666666666666666667   0.0000000000000000000   0.0000000000000000000
       0.0000000000000000000   0.3333333333333333333   0.0000000000000000000
       0.3333333333333333333   0.3333333333333333333   0.0000000000000000000
       0.6666666666666666667   0.3333333333333333333   0.0000000000000000000
       0.0000000000000000000   0.6666666666666666667   0.0000000000000000000
       0.3333333333333333333   0.6666666666666666667   0.0000000000000000000
       0.6666666666666666667   0.6666666666666666667   0.0000000000000000000
       0.0000000000000000000   0.0000000000000000000   0.3333333333333333333
       0.3333333333333333333   0.0000000000000000000   0.3333333333333333333
       0.6666666666666666667   0.0000000000000000000   0.3333333333333333333
       0.0000000000000000000   0.3333333333333333333   0.3333333333333333333
       0.3333333333333333333   0.3333333333333333333   0.3333333333333333333
       0.6666666666666666667   0.3333333333333333333   0.3333333333333333333
       0.0000000000000000000   0.6666666666666666667   0.3333333333333333333
       0.3333333333333333333   0.6666666666666666667   0.3333333333333333333
       0.6666666666666666667   0.6666666666666666667   0.3333333333333333333
       0.0000000000000000000   0.0000000000000000000   0.6666666666666666667
       0.3333333333333333333   0.0000000000000000000   0.6666666666666666667
       0.6666666666666666667   0.0000000000000000000   0.6666666666666666667
       0.0000000000000000000   0.3333333333333333333   0.6666666666666666667
       0.3333333333333333333   0.3333333333333333333   0.6666666666666666667
       0.6666666666666666667   0.3333333333333333333   0.6666666666666666667
       0.0000000000000000000   0.6666666666666666667   0.6666666666666666667
       0.3333333333333333333   0.6666666666666666667   0.6666666666666666667
       0.6666666666666666667   0.6666666666666666667   0.6666666666666666667
       0.1666666666666666667   0.1666666666666666667   0.1666666666666666667
       0.5000000000000000000   0.1666666666666666667   0.1666666666666666667
       0.8333333333333333333   0.1666666666666666667   0.1666666666666666667
       0.1666666666666666667   0.5000000000000000000   0.1666666666666666667
       0.5000000000000000000   0.5000000000000000000   0.1666666666666666667
       0.8333333333333333333   0.5000000000000000000   0.1666666666666666667
       0.1666666666666666667   0.8333333333333333333   0.1666666666666666667
       0.5000000000000000000   0.8333333333333333333   0.1666666666666666667
       0.8333333333333333333   0.8333333333333333333   0.1666666666666666667
       0.1666666666666666667   0.1666666666666666667   0.5000000000000000000
       0.5000000000000000000   0.1666666666666666667   0.5000000000000000000
       0.8333333333333333333   0.1666666666666666667   0.5000000000000000000
       0.1666666666666666667   0.5000000000000000000   0.5000000000000000000
       0.5000000000000000000   0.5000000000000000000   0.5000000000000000000
       0.8333333333333333333   0.5000000000000000000   0.5000000000000000000
       0.1666666666666666667   0.8333333333333333333   0.5000000000000000000
       0.5000000000000000000   0.8333333333333333333   0.5000000000000000000
       0.8333333333333333333   0.8333333333333333333   0.5000000000000000000
       0.1666666666666666667   0.1666666666666666667   0.8333333333333333333
       0.5000000000000000000   0.1666666666666666667   0.8333333333333333333
       0.8333333333333333333   0.1666666666666666667   0.8333333333333333333
       0.1666666666666666667   0.5000000000000000000   0.8333333333333333333
       0.5000000000000000000   0.5000000000000000000   0.8333333333333333333
       0.8333333333333333333   0.5000000000000000000   0.8333333333333333333
       0.1666666666666666667   0.8333333333333333333   0.8333333333333333333
       0.5000000000000000000   0.8333333333333333333   0.8333333333333333333
       0.8333333333333333333   0.8333333333333333333   0.8333333333333333333
end Atom_Coord

